350
20
77
1
55
3
75
106
112
284
783
1540
2
108
1267
3
98
3623
3
145
8210
73
1802
2342
2471
2
147
2704
1211
8730
243
1101
719
1493
2227
5400
3
208
779
4598
6818
855
1311
1180
14638
2
330
1334
2286
1182
1010
9014
1001
1343
1152
25157
3
5666
4089
9658
3
4799
5815
5056
4348
1127
17235
5106
2496
2514
775
6077
874
1935
2013
2524
1299
3262
1000
5999
4849
11357
28730
3
937
8736
19850
2
1987
3526
10653
7941
2662
6920
2611
4058
3445
2655
2573
16030
1154
13176
5607
2710
4060
15220
5488
1173
2840
13013
2714
4157
10783
1266
7581
10483
25862
1329
1323
1522
