0
35
89
1
44
0
37
2
58
76
112
239
1057
1
68
166
781
3649
1796
1
79
940
1027
4261
6918
4907
1014
3100
1906
1
135
783
879
12040
3630
3406
1148
5033
3540
6778
4765
2641
481
6501
4672
1164
3762
1214
2
2310
7035
2375
4056
22892
782
3498
8412
736
15488
1115
15678
3547
21885
8970
2634
6552
3
1232
14797
3988
19822
7970
7296
4162
4284
5253
24887
1156
14209
4022
1309
3821
2
1154
5445
6478
2743
1278
4025
2566
1
1175
2841
11606
3917
6097
6567
2
5697
1409
24237
3328
5110
1759
9629
1837
10778
7014
3456
7918
1503
33505
1406
7865
1518
7344
1719
1694
15907
1694
