2
71
3
66
16
77
64
59
97
143
1171
2017
416
2165
984
3
147
5782
7780
2
147
3085
1154
12405
2
124
2753
1038
2049
3347
2
154
3501
1240
9692
2
268
9255
9380
9543
3
2443
7978
2241
8034
3
1021
4345
1096
17204
9912
854
1193
3188
2198
20438
2
2133
1346
5249
3822
5418
4397
2312
22830
1815
3659
890
460
4048
1114
1010
771
3009
3
1138
6679
2632
5721
10117
1255
3845
10121
16848
6906
2848
2754
20265
2313
10691
3
6081
15433
1116
3950
12705
1211
8234
10350
9192
1444
1353
13312
6721
3609
2380
1118
12173
1347
21173
4185
1225
1243
6509
14310
4158
19301
5595
3113
6053
