1
65
2
77
0
48
3
107
70
151
172
782
1735
1894
3649
3
166
4103
3
184
1631
4681
831
1
147
3883
2457
4202
2
196
778
951
5608
778
1
176
778
566
891
2
305
3061
1128
3571
2
3532
5314
3772
2
365
2969
15198
23287
411
2662
2586
2381
2
8036
3995
4977
9394
3298
817
13611
10843
1237
11813
2664
1196
6290
3178
45378
2227
15105
1076
30334
792
2006
1413
2
1335
4167
7789
4007
18291
1207
2
1025
1227
1201
2380
1286
2720
1066
2574
16525
6403
5453
15880
2752
3
5828
4381
7502
4127
2745
4781
17528
2927
19765
6922
16584
4050
8202
2056
8514
17815
4099
49312
