3
91
2
69
1
55
62
3
104
152
177
2652
1990
3
118
841
2
146
3024
6133
1
128
2751
3388
854
1
98
784
3
3504
2263
3
192
778
1121
5138
4348
2
3629
3864
1175
1
370
3176
3727
2390
2
2345
7049
766
4870
8080
2
316
4911
785
6020
3
2494
2815
3800
1093
3
1193
2675
2563
3873
2382
4159
16161
2
783
2702
4953
18678
936
7957
7825
2
1222
1395
13422
16218
2451
3
1159
28837
4724
5339
24179
1224
10493
1165
1297
5091
4089
3
2676
2793
3948
2
1205
12305
21477
2
2351
2706
6357
2
1236
1363
31724
2
2239
4333
1229
2
1222
1472
5311
