244
1116
3
58
0
45
0
39
62
65
131
223
2121
779
2
98
4298
3
134
3047
9417
2938
1040
1
109
4426
212
3079
2971
1201
2
165
885
1292
5359
2493
3585
2404
2
266
6215
16111
1168
3
2225
6601
1105
2575
2334
3506
5122
19753
801
6671
4755
37699
351
3293
1111
12368
3705
3917
22725
14128
2526
10316
3
1142
11774
1220
3761
3725
2
1096
1325
8849
8923
3
3999
2605
11408
2481
1262
9326
18315
6516
3
2625
2463
12219
1
1069
1199
12073
7543
2
3710
13566
3326
1766
6997
5132
7751
7162
1802
9002
3
3564
12301
9737
14475
1750
1650
16361
7922
28386
13324
13072
6502
4528
