16
83
44
0
16
76
104
3
83
305
114
1167
1
69
168
784
2042
1
98
3241
2
98
778
2204
1252
2
152
2243
83
9484
907
18530
3
246
5402
1043
3
2216
1298
19519
3
246
779
3146
1980
4360
3
952
2578
3
2349
14397
689
10363
985
1868
10694
884
1072
3
877
22920
2813
21790
4834
1562
2676
3
2069
1023
4549
9195
1001
1
856
6683
1102
12948
876
1419
1557
18664
2
742
1135
10598
2
3167
2116
9647
13431
1074
8873
1129
19596
16918
2
1254
4329
8211
2
1245
12119
2772
1196
5438
1331
4098
2
1231
13146
3264
12669
6107
26412
795
3944
3867
5816
15210
