2
91
2
48
3
86
43
150
98
491
1492
1968
1
97
1705
1104
1
99
2889
3
115
4065
3
216
782
1001
6289
2
97
5767
7729
2101
2
116
7042
1080
2386
1191
2
319
9281
3193
2307
986
4847
7679
1025
9647
2
243
12485
13470
881
2913
13465
1014
4292
3702
882
3732
1926
2
841
2266
2952
1
872
16016
881
923
6667
9592
1049
1031
3
1606
3153
7093
2312
2228
862
10500
2095
1
930
19933
6029
3
972
4651
1989
2186
915
1057
3354
1014
3
958
1169
3295
861
1066
14974
21402
1863
3012
1104
11413
1482
19591
2621
2
1110
4308
2682
4120
1360
1461
13332
8278
