2
1440
2
55
2
66
40
69
56
165
272
784
2
99
784
3
116
780
2072
2
125
2132
94
2337
3201
2499
1268
2
176
3754
1014
3971
2259
3
2346
2820
3802
2
514
3698
9553
2
181
784
782
1168
11950
3
743
4827
1240
1208
4759
2
1037
2520
1134
939
3
944
3836
6204
3684
3
1090
6969
987
6227
673
18100
3
757
780
778
1
1870
10224
978
10866
799
21080
1711
8426
8997
1094
12039
8686
3090
2
938
7650
17193
1133
3
919
9949
6211
5680
3829
2073
2495
2258
3
2900
5575
3449
2306
2230
23593
1112
3838
1485
16926
1350
4131
2657
21760
1315
1262
4149
