166
2
56
0
49
3
86
106
147
319
1018
2
89
1656
2177
125
780
945
0
118
3350
826
1
136
834
1110
1091
3
99
2357
3302
1122
4953
694
932
3
2132
7015
8058
924
4572
2
1152
1481
1259
9137
3
752
1169
8113
4551
2
2175
2673
921
4518
3
2814
2691
3
1151
2284
12967
780
2264
517
6937
4668
1016
16491
9193
3
963
6898
944
8555
3681
1287
2553
1048
1051
35447
323
812
784
1009
10612
7333
2
1023
9215
7578
1273
3364
2122
2142
2202
8083
10672
3831
1137
6345
7265
23344
5231
36154
1207
12513
26980
32222
44383
3
1754
8866
43250
2
1965
6493
2024
2075
