1
124
2
67
70
3
104
190
167
1938
1
58
157
1359
1
98
804
1005
1
108
990
3
106
2215
3547
1
88
6478
4514
1992
1
137
2073
953
10522
3
311
1616
2117
1
137
3833
1201
9182
2
236
3392
1171
5504
3
945
1279
14691
3
717
4517
4330
1041
5647
3
923
3523
983
1097
3
2359
4983
2249
3
2417
1312
2157
1081
4390
2
2352
6173
9513
4502
10404
879
2949
1
3905
2471
5949
2440
2424
1044
2907
2208
4983
14400
6145
883
7405
13248
3987
5256
1301
4875
3
1112
16680
1874
1020
3588
17739
1830
1199
1159
2477
1174
3
1115
1179
1231
1348
12499
3840
