28
245
3
79
73
77
139
263
788
2361
3
119
781
2
87
3602
3
137
778
3
124
1920
111
972
2347
3520
1
98
781
867
1167
3
168
3295
5049
2751
2
303
2223
9311
2901
949
1
187
2122
1187
2239
7709
3508
1156
1135
13106
388
3246
1002
2
1148
5702
4652
8042
2394
2423
3
2128
2484
1138
4894
10113
3
1192
4820
3
1043
5309
10455
3339
1303
3694
3931
9413
2
1004
1404
5771
6292
15353
827
5119
1037
8807
1104
5092
2473
8061
2583
1269
1344
7757
2633
5292
1360
13763
8193
5539
3344
1076
3309
2610
3878
3
2343
5489
4077
6814
33190
3304
9493
1534
21045
1533
