392
29
1
0
132
781
789
779
37
781
46
1194
48
2558
53
1431
1034
3062
37
3010
748
1980
115
1791
932
3815
3793
983
3941
1155
836
432
2430
655
6021
12
768
4658
988
5719
4552
2160
3333
961
3921
1047
4556
1258
6564
792
1406
1335
5590
4014
14965
1226
722
3177
1134
14320
2840
24695
469
727
439
1778
16125
10607
6678
1260
38612
16584
20289
28513
4962
1350
8189
5087
20780
14020
21784
14614
37672
20783
1052
23089
831
8862
64523
789
20256
1619
11188
4358
2119
2397
18546
1009
8641
1170
10002
859
920
238
8402
1113
8290
2037
1053
771
21589
478
780
4786
5425
36664
1249
5524
18666
1111
