76
36
31
14
142
111
322
2717
18
778
0
0
1
6
3122
17
2313
4983
1314
132
1350
1730
19
5271
690
9786
6382
1899
1840
12123
3189
2027
1398
6955
7653
5807
5794
4255
1927
6982
66
13913
1625
9036
1648
3539
1741
1784
7393
2831
5811
82
1753
3788
16
12243
4353
1828
1875
14266
5670
10387
8171
25202
15779
1995
25657
20511
32299
3311
6231
4053
7487
3504
10426
1887
7742
16088
38956
45069
1653
12462
11532
875
26248
20127
3307
31839
1359
7493
8467
4091
16251
79781
66963
1651
7350
1788
16043
3647
3618
42618
3638
90421
39529
9489
49350
2904
60104
79439
128942
10964
19795
9461
1789
66957
2512
5983
72576
78525
